average: 0.07810078299641081
dispersion: 3.003335692738093
