average: 0.0845371955681454
dispersion: 3.009491879553465
