average: 0.0011618159051917983
dispersion: 2.778750897639039
